0.24171875  0.0
0.7418229166666667  0.0
1.2419270833333333  0.0
1.7420312500000001  0.0
2.2421354166666667  0.41737258478407846
2.7422395833333333  0.5970746698994456
3.2423437500000003  0.7014178160954652
3.742447916666667  0.8579325353894947
4.242552083333334  0.9516481389174012
4.74265625  0.9178332304279504
5.242760416666666  0.9110702487300602
5.742864583333333  0.7738783342871455
6.24296875  0.7081807977933554
6.743072916666667  0.5874132674738882
7.243177083333333  0.5700227431078849
7.74328125  0.46857801763953255
8.243385416666667  0.44055995060541614
8.743489583333334  0.3719639933839588
9.24359375  0.3429797861072867
9.743697916666667  0.28887593252416544
10.243802083333334  0.23090751797082118
10.74390625  0.21255085336226218
11.244010416666667  0.19612646923881466
11.744114583333333  0.21158471311970645
12.244218750000002  0.17776980463025566
12.744322916666668  0.1632777009919196
13.244427083333335  0.1661761217195868
13.744531250000001  0.14975173759613927
14.244635416666668  0.1526501583238065
14.744739583333335  0.1429887558982491
15.244843750000001  0.15651471929402944
15.744947916666668  0.12656437177480157
16.245052083333334  0.1091738474087983
16.74515625  0.10627542668113109
17.245260416666667  0.08502034134490487
17.745364583333334  0.05410385358312128
18.24546875  0.08212192061723766
18.745572916666667  0.06279911576612292
19.245677083333334  0.057968414553344234
19.74578125  0.07922349988957045
20.245885416666667  0.044442451157563914
20.745989583333333  0.05603613406823276
21.24609375  0.02705192679156064
21.746197916666667  0.03767946945967375
22.246302083333333  0.02705192679156064
22.74640625  0.025119646306449167
23.246510416666666  0.01352596339578032
23.746614583333333  0.019322804851114744
24.246718750000003  0.01352596339578032
24.74682291666667  0.011593682910668847
25.246927083333336  0.007729121940445898
25.747031250000003  0.00676298169789016
26.24713541666667  0.007729121940445898
26.747239583333336  0.008695262183001635
27.247343750000002  0.0057968414553344234
27.74744791666667  0.003864560970222949
28.247552083333336  0.004830701212778686
28.747656250000002  0.0019322804851114744
29.24776041666667  0.004830701212778686
29.747864583333335  0.0009661402425557372
30.247968750000002  0.0057968414553344234
30.74807291666667  0.004830701212778686
31.248177083333335  0.0
31.74828125  0.0028984207276672117
32.24838541666667  0.0057968414553344234
32.74848958333334  0.0
33.248593750000005  0.0
33.74869791666667  0.0
34.24880208333334  0.0019322804851114744
34.748906250000005  0.0019322804851114744
35.24901041666667  0.0009661402425557372
35.74911458333334  0.0
36.249218750000004  0.0
36.74932291666667  0.0
37.24942708333334  0.0009661402425557372
37.749531250000004  0.0
38.24963541666667  0.0
38.74973958333334  0.0019322804851114744
39.249843750000004  0.0
39.74994791666667  0.0
