0.24171875  0.0
0.7418229166666667  0.0
1.2419270833333333  0.0
1.7420312500000001  0.0
2.2421354166666667  0.11406839349296424
2.7422395833333333  0.39347187418359575
3.2423437500000003  0.5011319309634722
3.742447916666667  0.4767802514537382
4.242552083333334  0.5344552818715291
4.74265625  0.5549619593534103
5.242760416666666  0.4819069208242085
5.742864583333333  0.43704856383259333
6.24296875  0.474216916768503
6.743072916666667  0.3691201946738618
7.243177083333333  0.3076001622282182
7.74328125  0.3229801703396291
8.243385416666667  0.22557345230069334
8.743489583333334  0.2063484421614297
9.24359375  0.1653350871976673
9.743697916666667  0.13713840566008062
10.243802083333334  0.09612505069631819
10.74390625  0.10766005677987636
11.244010416666667  0.10637838943725879
11.744114583333333  0.09484338335370061
12.244218750000002  0.06664670181611394
12.744322916666668  0.06921003650134909
13.244427083333335  0.06921003650134909
13.744531250000001  0.035886685593292125
14.244635416666668  0.04742169167685031
14.744739583333335  0.04485835699161515
15.244843750000001  0.04485835699161515
15.744947916666668  0.034605018250674545
16.245052083333334  0.03973168762114485
16.74515625  0.049985026362085454
17.245260416666667  0.029478348880204244
17.745364583333334  0.02178834482449879
18.24546875  0.016661675454028486
18.745572916666667  0.017943342796646063
19.245677083333334  0.016661675454028486
19.74578125  0.02178834482449879
20.245885416666667  0.010253338740940606
20.745989583333333  0.011535006083558182
21.24609375  0.014098340768793334
21.746197916666667  0.020506677481881213
22.246302083333333  0.006408336713087879
22.74640625  0.0012816673426175758
23.246510416666666  0.006408336713087879
23.746614583333333  0.012816673426175759
24.246718750000003  0.012816673426175759
24.74682291666667  0.006408336713087879
25.246927083333336  0.0025633346852351516
25.747031250000003  0.0012816673426175758
26.24713541666667  0.005126669370470303
26.747239583333336  0.003845002027852727
27.247343750000002  0.003845002027852727
27.74744791666667  0.0012816673426175758
28.247552083333336  0.0025633346852351516
28.747656250000002  0.0012816673426175758
29.24776041666667  0.0012816673426175758
29.747864583333335  0.005126669370470303
30.247968750000002  0.0025633346852351516
30.74807291666667  0.0012816673426175758
31.248177083333335  0.0
31.74828125  0.0
32.24838541666667  0.0
32.74848958333334  0.0
33.248593750000005  0.0
33.74869791666667  0.0
34.24880208333334  0.0
34.748906250000005  0.0
35.24901041666667  0.0
35.74911458333334  0.0
36.249218750000004  0.0
36.74932291666667  0.0012816673426175758
37.24942708333334  0.0
37.749531250000004  0.0
38.24963541666667  0.0
38.74973958333334  0.0
39.249843750000004  0.0
39.74994791666667  0.0
