0.24171875  0.0
0.7418229166666667  0.0
1.2419270833333333  0.0
1.7420312500000001  0.0
2.2421354166666667  0.4077111823585211
2.7422395833333333  0.6270250174186734
3.2423437500000003  0.7893365781680373
3.742447916666667  1.0608219863261994
4.242552083333334  1.0936707545730946
4.74265625  1.231828809258565
5.242760416666666  1.1158919801518765
5.742864583333333  1.1071967179688749
6.24296875  1.0617881265687552
6.743072916666667  0.9622756815855142
7.243177083333333  0.9574449803727356
7.74328125  0.849237273206493
8.243385416666667  0.7352327245849161
8.743489583333334  0.6434494015421209
9.24359375  0.5767857248057751
9.743697916666667  0.5545644992269931
10.243802083333334  0.5342755541333227
10.74390625  0.5323432736482112
11.244010416666667  0.470510298124644
11.744114583333333  0.46084889569908666
12.244218750000002  0.42993240793730303
12.744322916666668  0.43283082866497025
13.244427083333335  0.42993240793730303
13.744531250000001  0.37679469459673753
14.244635416666668  0.3487766275626211
14.744739583333335  0.3574718897456228
15.244843750000001  0.3555396092605113
15.744947916666668  0.2801806703411638
16.245052083333334  0.26375628621771624
16.74515625  0.20192331069414907
17.245260416666667  0.21061857287715072
17.745364583333334  0.19129576802603596
18.24546875  0.16714226196214255
18.745572916666667  0.13719191444291468
19.245677083333334  0.12753051201735732
19.74578125  0.11497068886413273
20.245885416666667  0.10144472546835241
20.745989583333333  0.09274946328535077
21.24609375  0.08791876207257208
21.746197916666667  0.08018964013212619
22.246302083333333  0.053137713340565544
22.74640625  0.06376525600867866
23.246510416666666  0.03091648776178359
23.746614583333333  0.036713329217118014
24.246718750000003  0.044442451157563914
24.74682291666667  0.022221225578781957
25.246927083333336  0.025119646306449167
25.747031250000003  0.028984207276672117
26.24713541666667  0.021255085336226217
26.747239583333336  0.02028894509367048
27.247343750000002  0.014492103638336059
27.74744791666667  0.0057968414553344234
28.247552083333336  0.007729121940445898
28.747656250000002  0.010627542668113108
29.24776041666667  0.008695262183001635
29.747864583333335  0.0057968414553344234
30.247968750000002  0.009661402425557372
30.74807291666667  0.00676298169789016
31.248177083333335  0.0057968414553344234
31.74828125  0.00676298169789016
32.24838541666667  0.0057968414553344234
32.74848958333334  0.0028984207276672117
33.248593750000005  0.003864560970222949
33.74869791666667  0.004830701212778686
34.24880208333334  0.00676298169789016
34.748906250000005  0.0028984207276672117
35.24901041666667  0.0
35.74911458333334  0.0019322804851114744
36.249218750000004  0.0009661402425557372
36.74932291666667  0.0009661402425557372
37.24942708333334  0.0009661402425557372
37.749531250000004  0.0009661402425557372
38.24963541666667  0.0028984207276672117
38.74973958333334  0.0009661402425557372
39.249843750000004  0.0
39.74994791666667  0.0028984207276672117
