0.24171875  0.0
0.7418229166666667  0.0
1.2419270833333333  0.0
1.7420312500000001  0.0
2.2421354166666667  0.5139486043896478
2.7422395833333333  0.8933221378044504
3.2423437500000003  1.0317422108071486
3.742447916666667  1.093262243252792
4.242552083333334  1.1675989491246115
4.74265625  1.084290571854469
5.242760416666666  1.0163622026957375
5.742864583333333  0.9343354927682128
6.24296875  0.8228304339604837
6.743072916666667  0.7010720364118139
7.243177083333333  0.6446786733366406
7.74328125  0.531891947186294
8.243385416666667  0.42038688837856486
8.743489583333334  0.38834520481312546
9.24359375  0.2922201541168073
9.743697916666667  0.27171347663492607
10.243802083333334  0.22429178495807578
10.74390625  0.19994010544834181
11.244010416666667  0.21275677887451758
11.744114583333333  0.1794334279664606
12.244218750000002  0.1653350871976673
12.744322916666668  0.15123674642887394
13.244427083333335  0.1166317281781994
13.744531250000001  0.12432173223390486
14.244635416666668  0.10637838943725879
14.744739583333335  0.08330837727014243
15.244843750000001  0.0743367058718194
15.744947916666668  0.06023836510302606
16.245052083333334  0.05511169573255576
16.74515625  0.049985026362085454
17.245260416666667  0.02691501419496909
17.745364583333334  0.02691501419496909
18.24546875  0.020506677481881213
18.745572916666667  0.02691501419496909
19.245677083333334  0.02435167950973394
19.74578125  0.020506677481881213
20.245885416666667  0.012816673426175759
20.745989583333333  0.007690004055705454
21.24609375  0.010253338740940606
21.746197916666667  0.010253338740940606
22.246302083333333  0.005126669370470303
22.74640625  0.003845002027852727
23.246510416666666  0.0025633346852351516
23.746614583333333  0.006408336713087879
24.246718750000003  0.006408336713087879
24.74682291666667  0.003845002027852727
25.246927083333336  0.003845002027852727
25.747031250000003  0.003845002027852727
26.24713541666667  0.0025633346852351516
26.747239583333336  0.005126669370470303
27.247343750000002  0.0025633346852351516
27.74744791666667  0.0
28.247552083333336  0.0012816673426175758
28.747656250000002  0.0025633346852351516
29.24776041666667  0.0012816673426175758
29.747864583333335  0.0
30.247968750000002  0.0
30.74807291666667  0.0
31.248177083333335  0.0
31.74828125  0.0
32.24838541666667  0.0012816673426175758
32.74848958333334  0.0
33.248593750000005  0.0
33.74869791666667  0.0012816673426175758
34.24880208333334  0.0
34.748906250000005  0.0
35.24901041666667  0.0
35.74911458333334  0.0
36.249218750000004  0.0
36.74932291666667  0.0
37.24942708333334  0.0
37.749531250000004  0.0
38.24963541666667  0.0
38.74973958333334  0.0
39.249843750000004  0.0
39.74994791666667  0.0
