0.24171875  0.0
0.7418229166666667  0.0
1.2419270833333333  0.0
1.7420312500000001  0.0
2.2421354166666667  0.5126669370470304
2.7422395833333333  0.9856021864729158
3.2423437500000003  1.1765706205229345
3.742447916666667  1.1265855941608491
4.242552083333334  1.1381206002444073
4.74265625  1.2188656428293145
5.242760416666666  1.0176438700383552
5.742864583333333  0.9650955089910346
6.24296875  0.7779720769688685
6.743072916666667  0.71901537920846
7.243177083333333  0.6331436672530825
7.74328125  0.5062586003339424
8.243385416666667  0.41782355369332974
8.743489583333334  0.3652751926460091
9.24359375  0.2896568194315721
9.743697916666667  0.2806851480332491
10.243802083333334  0.20891177684666487
10.74390625  0.24223512775472184
11.244010416666667  0.18968676670740123
11.744114583333333  0.16918008922552
12.244218750000002  0.12560339957652242
12.744322916666668  0.1217583975486697
13.244427083333335  0.1281667342617576
13.744531250000001  0.12047673020605212
14.244635416666668  0.10253338740940607
14.744739583333335  0.08587171195537759
15.244843750000001  0.09868838538155333
15.744947916666668  0.08459004461276
16.245052083333334  0.06280169978826121
16.74515625  0.06792836915873152
17.245260416666667  0.051266693704703034
17.745364583333334  0.04870335901946788
18.24546875  0.05767503041779091
18.745572916666667  0.0371683529359097
19.245677083333334  0.06023836510302606
19.74578125  0.041013354963762426
20.245885416666667  0.025633346852351517
20.745989583333333  0.02691501419496909
21.24609375  0.015380008111410909
21.746197916666667  0.017943342796646063
22.246302083333333  0.011535006083558182
22.74640625  0.016661675454028486
23.246510416666666  0.008971671398323031
23.746614583333333  0.011535006083558182
24.246718750000003  0.006408336713087879
24.74682291666667  0.0012816673426175758
25.246927083333336  0.007690004055705454
25.747031250000003  0.0025633346852351516
26.24713541666667  0.0025633346852351516
26.747239583333336  0.0012816673426175758
27.247343750000002  0.0025633346852351516
27.74744791666667  0.0012816673426175758
28.247552083333336  0.003845002027852727
28.747656250000002  0.0025633346852351516
29.24776041666667  0.0025633346852351516
29.747864583333335  0.0025633346852351516
30.247968750000002  0.0012816673426175758
30.74807291666667  0.0
31.248177083333335  0.0
31.74828125  0.0012816673426175758
32.24838541666667  0.0
32.74848958333334  0.0
33.248593750000005  0.0
33.74869791666667  0.0
34.24880208333334  0.0
34.748906250000005  0.0
35.24901041666667  0.0
35.74911458333334  0.0
36.249218750000004  0.0
36.74932291666667  0.0
37.24942708333334  0.0
37.749531250000004  0.0012816673426175758
38.24963541666667  0.0
38.74973958333334  0.0
39.249843750000004  0.0
39.74994791666667  0.0
