0.24171875  0.0
0.7418229166666667  0.0
1.2419270833333333  0.0
1.7420312500000001  0.0
2.2421354166666667  0.1632777009919196
2.7422395833333333  0.676298169789016
3.2423437500000003  0.875323059755498
3.742447916666667  1.1458423276711043
4.242552083333334  1.1960816202840026
4.74265625  1.2086414434372272
5.242760416666666  1.1854540776158895
5.742864583333333  1.1313502240327682
6.24296875  1.1071967179688749
6.743072916666667  0.9951244498324093
7.243177083333333  0.8221853464149323
7.74328125  0.7603523708913652
8.243385416666667  0.6676029076060144
8.743489583333334  0.694654834397575
9.24359375  0.5333094138907669
9.743697916666667  0.488866962733203
10.243802083333334  0.4202710055117457
10.74390625  0.4308985481798588
11.244010416666667  0.3342845239242851
11.744114583333333  0.3536073287753998
12.244218750000002  0.3130294385880589
12.744322916666668  0.32558926174128344
13.244427083333335  0.32558926174128344
13.744531250000001  0.319792420285949
14.244635416666668  0.323656981256172
14.744739583333335  0.30046961543483425
15.244843750000001  0.27728224961349657
15.744947916666668  0.264722426460272
16.245052083333334  0.27051926791560643
16.74515625  0.24056892039637856
17.245260416666667  0.2367043594261556
17.745364583333334  0.2231783960303753
18.24546875  0.20192331069414907
18.745572916666667  0.1768036643876999
19.245677083333334  0.1922619082685917
19.74578125  0.187431207055813
20.245885416666667  0.14685331686847206
20.745989583333333  0.14105647541313762
21.24609375  0.132361213230136
21.746197916666667  0.1246320912896901
22.246302083333333  0.09274946328535077
22.74640625  0.09758016449812945
23.246510416666666  0.09758016449812945
23.746614583333333  0.06859595722145734
24.246718750000003  0.06859595722145734
24.74682291666667  0.060866835281011444
25.246927083333336  0.05120543285545407
25.747031250000003  0.044442451157563914
26.24713541666667  0.053137713340565544
26.747239583333336  0.04637473164267539
27.247343750000002  0.04540859140011965
27.74744791666667  0.021255085336226217
28.247552083333336  0.036713329217118014
28.747656250000002  0.011593682910668847
29.24776041666667  0.01739052436600327
29.747864583333335  0.018356664608559007
30.247968750000002  0.012559823153224584
30.74807291666667  0.012559823153224584
31.248177083333335  0.018356664608559007
31.74828125  0.00676298169789016
32.24838541666667  0.011593682910668847
32.74848958333334  0.011593682910668847
33.248593750000005  0.003864560970222949
33.74869791666667  0.00676298169789016
34.24880208333334  0.004830701212778686
34.748906250000005  0.004830701212778686
35.24901041666667  0.0019322804851114744
35.74911458333334  0.0019322804851114744
36.249218750000004  0.0028984207276672117
36.74932291666667  0.0
37.24942708333334  0.0009661402425557372
37.749531250000004  0.0
38.24963541666667  0.0
38.74973958333334  0.003864560970222949
39.249843750000004  0.0019322804851114744
39.74994791666667  0.0028984207276672117
