0.24171875  0.0
0.7418229166666667  0.0
1.2419270833333333  0.0
1.7420312500000001  0.0
2.2421354166666667  0.5091559078268735
2.7422395833333333  0.9284607730960635
3.2423437500000003  1.1960816202840026
3.742447916666667  1.25791459580757
4.242552083333334  1.4588717662591633
4.74265625  1.4762622906251663
5.242760416666666  1.5574180709998484
5.742864583333333  1.5013819369316157
6.24296875  1.4463119431059386
6.743072916666667  1.3245782725439157
7.243177083333333  1.2308626690160092
7.74328125  1.147774608156216
8.243385416666667  1.1197565411220993
8.743489583333334  1.0463298826878633
9.24359375  0.9439190169769552
9.743697916666667  0.9081718280023929
10.243802083333334  0.8666277975724963
10.74390625  0.849237273206493
11.244010416666667  0.8714584987852749
11.744114583333333  0.948749718189734
12.244218750000002  0.875323059755498
12.744322916666668  0.8975442853342799
13.244427083333335  0.9216977913981733
13.744531250000001  0.8869167426661667
14.244635416666668  0.8328128890830455
14.744739583333335  0.8482711329639373
15.244843750000001  0.8183207854447094
15.744947916666668  0.8086593830191521
16.245052083333334  0.7555216696785865
16.74515625  0.7004516758529095
17.245260416666667  0.5883794077164439
17.745364583333334  0.5420046760737686
18.24546875  0.5439369565588801
18.745572916666667  0.4830701212778686
19.245677083333334  0.41447416405641124
19.74578125  0.42510170672452435
20.245885416666667  0.3661671519286244
20.745989583333333  0.3168939995582818
21.24609375  0.32848768246895066
21.746197916666667  0.26279014597516054
22.246302083333333  0.19322804851114744
22.74640625  0.21061857287715072
23.246510416666666  0.1768036643876999
23.746614583333333  0.14781945711102779
24.246718750000003  0.1246320912896901
24.74682291666667  0.09951244498324094
25.246927083333336  0.08598648158746061
25.747031250000003  0.07246051819168028
26.24713541666667  0.06279911576612292
26.747239583333336  0.05506999382567702
27.247343750000002  0.047340871885231124
27.74744791666667  0.04830701212778686
28.247552083333336  0.029950347519227854
28.747656250000002  0.026085786549004904
29.24776041666667  0.03864560970222949
29.747864583333335  0.018356664608559007
30.247968750000002  0.026085786549004904
30.74807291666667  0.009661402425557372
31.248177083333335  0.008695262183001635
31.74828125  0.007729121940445898
32.24838541666667  0.01352596339578032
32.74848958333334  0.009661402425557372
33.248593750000005  0.010627542668113108
33.74869791666667  0.0019322804851114744
34.24880208333334  0.003864560970222949
34.748906250000005  0.004830701212778686
35.24901041666667  0.0057968414553344234
35.74911458333334  0.004830701212778686
36.249218750000004  0.0009661402425557372
36.74932291666667  0.0028984207276672117
37.24942708333334  0.0019322804851114744
37.749531250000004  0.0
38.24963541666667  0.0009661402425557372
38.74973958333334  0.0028984207276672117
39.249843750000004  0.0
39.74994791666667  0.0019322804851114744
