0.24171875  0.0
0.7418229166666667  0.0
1.2419270833333333  0.0
1.7420312500000001  0.0
2.2421354166666667  0.14995507908625638
2.7422395833333333  0.2550518011808976
3.2423437500000003  0.2704318092923085
3.742447916666667  0.38962687215574304
4.242552083333334  0.3178535009691588
4.74265625  0.35117685187721576
5.242760416666666  0.3614301906181564
5.742864583333333  0.2704318092923085
6.24296875  0.20378510747619455
6.743072916666667  0.21532011355975272
7.243177083333333  0.22044678293022305
7.74328125  0.19481343607787152
8.243385416666667  0.1320117362896103
8.743489583333334  0.09868838538155333
9.24359375  0.09099838132584788
9.743697916666667  0.0897167139832303
10.243802083333334  0.051266693704703034
10.74390625  0.035886685593292125
11.244010416666667  0.07305503852920182
11.744114583333333  0.05895669776040849
12.244218750000002  0.06664670181611394
12.744322916666668  0.04870335901946788
13.244427083333335  0.03332335090805697
13.744531250000001  0.04357668964899758
14.244635416666668  0.05767503041779091
14.744739583333335  0.03845002027852727
15.244843750000001  0.023070012167116363
15.744947916666668  0.030760016222821818
16.245052083333334  0.034605018250674545
16.74515625  0.034605018250674545
17.245260416666667  0.02178834482449879
17.745364583333334  0.025633346852351517
18.24546875  0.017943342796646063
18.745572916666667  0.02435167950973394
19.245677083333334  0.010253338740940606
19.74578125  0.015380008111410909
20.245885416666667  0.005126669370470303
20.745989583333333  0.007690004055705454
21.24609375  0.014098340768793334
21.746197916666667  0.012816673426175759
22.246302083333333  0.005126669370470303
22.74640625  0.003845002027852727
23.246510416666666  0.003845002027852727
23.746614583333333  0.006408336713087879
24.246718750000003  0.005126669370470303
24.74682291666667  0.003845002027852727
25.246927083333336  0.003845002027852727
25.747031250000003  0.0
26.24713541666667  0.0025633346852351516
26.747239583333336  0.0025633346852351516
27.247343750000002  0.0025633346852351516
27.74744791666667  0.003845002027852727
28.247552083333336  0.0012816673426175758
28.747656250000002  0.0012816673426175758
29.24776041666667  0.0012816673426175758
29.747864583333335  0.0012816673426175758
30.247968750000002  0.0
30.74807291666667  0.0
31.248177083333335  0.0
31.74828125  0.0
32.24838541666667  0.0
32.74848958333334  0.0012816673426175758
33.248593750000005  0.0012816673426175758
33.74869791666667  0.0012816673426175758
34.24880208333334  0.003845002027852727
34.748906250000005  0.0
35.24901041666667  0.0
35.74911458333334  0.0012816673426175758
36.249218750000004  0.0
36.74932291666667  0.0012816673426175758
37.24942708333334  0.0
37.749531250000004  0.0
38.24963541666667  0.0012816673426175758
38.74973958333334  0.0
39.249843750000004  0.0
39.74994791666667  0.0012816673426175758
