 7.          2.5                              0.606      0.109
 7.         10.                               0.598      0.108
 7.         20.       0.573      0.179
 7.         30.       0.536      0.096
 7.         40.       0.488      0.088
 7.         50.                               0.435      0.078
 7.         60.       0.381      0.071
 7.         70.       0.329      0.059
 7.         80.                               0.282      0.051
 7.         90.                               0.240      0.043
 7.        100.                               0.204      0.037
 7.        110.                               0.174      0.031
 7.        120.                               0.151      0.027
 7.        130.                               0.132      0.024
 7.        140.                               0.118      0.021
 7.        150.                               0.107      0.019
 7.        160.                               0.100      0.018
 7.        170.                               0.096      0.017
 7.        177.5                              0.095      0.017
 9.          2.5                              2.033      0.366
 9.         10.                               1.942      0.350
 9.         20.       1.677      0.252
 9.         30.       1.328      0.239
 9.         40.       0.965      0.174
 9.         50.                               0.651      0.117
 9.         60.       0.416      0.061
 9.         70.       0.228      0.134
 9.         80.                               0.145      0.026
 9.         90.                               0.083      0.015
 9.        100.                               0.048      0.009
 9.        110.                               0.028      0.005
 9.        120.                               0.017      0.003
 9.        130.                               0.011      0.002
 9.        140.                               0.007      0.001
 9.        150.                               0.005      0.001
 9.        160.                               0.004      0.001
 9.        170.                               0.004      0.001
 9.        177.5                              0.003      0.001
11.          2.5                              1.028      0.185
11.         10.                               0.986      0.177
11.         20.       1.332      0.162
11.         30.       0.696      0.125
11.         40.       0.200      0.083
11.         50.                               0.361      0.065
11.         60.       0.264      0.031
11.         70.       0.221      0.072
11.         80.                               0.091      0.016
11.         90.                               0.055      0.010
11.        100.                               0.033      0.006
11.        110.                               0.020      0.004
11.        120.                               0.013      0.002
11.        130.                               0.008      0.001
11.        140.                               0.006      0.001
11.        150.                               0.004      0.001
11.        160.                               0.004      0.001
11.        170.                               0.003      0.001
11.        177.5                              0.003      0.001
13.          2.5                              0.511      0.092
13.         10.                               0.494      0.089
13.         20.       0.666      0.054
13.         30.       0.276      0.042
13.         40.       0.154      0.040
13.         50.                               0.223      0.040
13.         60.       0.196      0.022
13.         70.       0.122      0.028
13.         80.                               0.075      0.013
13.         90.                               0.050      0.009
13.        100.                               0.033      0.006
13.        110.                               0.023      0.004
13.        120.                               0.016      0.003
13.        130.                               0.011      0.002
13.        140.                               0.008      0.002
13.        150.                               0.007      0.001
15.          2.5                              0.672      0.121
15.         10.                               0.637      0.115
15.         20.       0.739      0.064
15.         30.       0.524      0.056
15.         40.       0.102      0.029
15.         50.                               0.178      0.032
15.         60.       0.166      0.019
15.         70.       0.076      0.019
15.         80.                               0.031      0.006
15.         90.                               0.016      0.003
15.        100.                               0.009      0.002
15.        110.                               0.005      0.001
17.          2.5                              1.514      0.273
17.         10.                               1.309      0.236
17.         20.       0.939      0.057
17.         30.       0.302      0.031
17.         40.       0.211      0.038
17.         50.                               0.040      0.007
17.         60.       0.087      0.018
17.         70.       0.024      0.010
17.         80.                               0.001      0.001
19.          2.5                              0.911      0.164
19.         10.                               0.739      0.133
19.         20.       0.688      0.057
19.         30.       0.069      0.015
19.         40.       0.087      0.030