 7.          2.5                              0.941      0.122
 7.         10.                               0.930      0.121
 7.         20.       0.897      0.245
 7.         30.       0.846      0.110
 7.         40.       0.780      0.101
 7.         50.                               0.707      0.092
 7.         60.       0.631      0.113
 7.         70.       0.556      0.072
 7.         80.                               0.485      0.063
 7.         90.                               0.422      0.055
 7.        100.       0.368      0.048
 7.        110.                               0.321      0.042
 7.        120.                               0.283      0.037
 7.        130.                               0.252      0.033
 7.        140.                               0.229      0.030
 7.        150.                               0.211      0.027
 7.        160.                               0.199      0.026
 7.        170.                               0.192      0.025
 7.        177.5                              0.190      0.025
 9.          2.5                              1.564      0.203
 9.         10.                               1.515      0.197
 9.         20.       1.179      0.196
 9.         30.       1.159      0.151
 9.         40.       0.924      0.120
 9.         50.                               0.700      0.091
 9.         60.       0.651      0.081
 9.         70.       0.355      0.046
 9.         80.                               0.243      0.032
 9.         90.                               0.164      0.021
 9.        100.       0.076      0.030
 9.        110.                               0.076      0.010
 9.        120.                               0.053      0.007
 9.        130.                               0.038      0.005
 9.        140.                               0.029      0.004
 9.        150.                               0.023      0.003
 9.        160.                               0.020      0.003
 9.        170.                               0.018      0.002
 9.        177.5                              0.017      0.002
11.          2.5                              0.497      0.065
11.         10.                               0.487      0.063
11.         20.       0.663      0.107
11.         30.       0.411      0.053
11.         40.       0.238      0.045
11.         50.                               0.298      0.039
11.         60.       0.362      0.041
11.         70.       0.154      0.059
11.         80.                               0.152      0.020
11.         90.                               0.119      0.015
11.        100.       0.078      0.024
11.        110.                               0.073      0.009
11.        120.                               0.058      0.008
11.        130.                               0.047      0.006
11.        140.                               0.040      0.005
11.        150.                               0.034      0.004
11.        160.                               0.031      0.004
11.        170.                               0.029      0.004
11.        177.5                              0.028      0.004
13.          2.5                              0.729      0.095
13.         10.                               0.705      0.092
13.         20.       0.689      0.076
13.         30.       0.494      0.044
13.         40.       0.512      0.061
13.         50.                               0.324      0.042
13.         60.       0.246      0.028
13.         70.       0.123      0.026
13.         80.                               0.112      0.015
13.         90.                               0.075      0.010
13.        100.       0.077      0.020
13.        110.                               0.035      0.004
13.        120.                               0.024      0.003
13.        130.                               0.018      0.002
13.        140.                               0.013      0.002
13.        150.                               0.011      0.001
13.        160.                               0.009      0.001
13.        170.                               0.008      0.001
13.        177.5                              0.008      0.001
15.          2.5                              0.849      0.110
15.         10.                               0.815      0.106
15.         20.       0.901      0.080
15.         30.       0.675      0.068
15.         40.       0.279      0.036
15.         50.                               0.309      0.040
15.         60.       0.295      0.029
15.         70.       0.128      0.023
15.         80.                               0.081      0.011
15.         90.                               0.050      0.006
15.        100.       0.027      0.010
15.        110.                               0.019      0.002
15.        120.                               0.012      0.002
17.          2.5                              1.042      0.135
17.         10.                               0.989      0.129
17.         20.       1.301      0.067
17.         30.       0.422      0.038
17.         40.       0.394      0.042
17.         50.                               0.284      0.037
17.         60.       0.270      0.026
17.         70.       0.089      0.018
17.         80.                               0.051      0.007
17.         90.                               0.027      0.004
17.        100.       0.011      0.009
19.          2.5                              2.289      0.298
19.         10.                               1.994      0.259
19.         20.       1.516      0.074
19.         30.       0.432      0.039
19.         40.       0.393      0.035
19.         50.                               0.073      0.009
19.         60.       0.061      0.019
21.          2.5                              3.060      0.395
21.         10.                               2.378      0.309
21.         20.       1.334      0.068
21.         30.       0.179      0.026
21.         40.       0.085      0.026
23.          2.5                              0.663      0.086
23.         10.                               0.637      0.083
23.         20.       0.561      0.051