 5.          2.5                              1.709      0.188
 5.         10.                               1.685      0.185
 5.         20.       1.785      0.252
 5.         30.       1.503      0.165
 5.         40.       1.365      0.150
 5.         50.       1.213      0.133
 5.         60.       0.802      0.224
 5.         70.       0.908      0.100
 5.         80.       0.772      0.085
 5.         90.       0.653      0.072
 5.        100.       0.553      0.061
 5.        110.       0.452      0.088
 5.        120.       0.408      0.118
 5.        130.       0.352      0.039
 5.        140.       0.313      0.034
 5.        150.       0.376      0.115
 5.        160.       0.264      0.029
 5.        170.                               0.253      0.028
 5.        177.5                              0.250      0.027
 7.          2.5                              1.412      0.155
 7.         10.                               1.394      0.153
 7.         20.       1.408      0.138
 7.         30.       1.250      0.138
 7.         40.       0.828      0.156
 7.         50.       1.780      0.234
 7.         60.       0.977      0.080
 7.         70.       0.775      0.127
 7.         80.       0.664      0.073
 7.         90.       0.839      0.131
 7.        100.       0.511      0.087
 7.        110.       0.363      0.042
 7.        120.       0.297      0.054
 7.        130.       0.309      0.032
 7.        140.       0.286      0.042
 7.        150.       0.434      0.073
 7.        160.       0.240      0.026
 7.        170.                               0.231      0.025
 7.        177.5                              0.228      0.025
 9.          2.5                              0.948      0.104
 9.         10.                               0.936      0.103
 9.         20.       0.976      0.087
 9.         30.       0.840      0.092
 9.         40.       0.626      0.065
 9.         50.       1.123      0.115
 9.         60.       0.625      0.045
 9.         70.       0.638      0.067
 9.         80.       0.446      0.049
 9.         90.       0.444      0.062
 9.        100.       0.343      0.049
 9.        110.       0.256      0.027
 9.        120.       0.229      0.031
 9.        130.       0.187      0.019
 9.        140.       0.242      0.028
 9.        150.       0.153      0.029
 9.        160.       0.200      0.038
 9.        170.                               0.155      0.017
 9.        177.5                              0.153      0.017
11.          2.5                              1.112      0.122
11.         10.                               1.090      0.120
11.         20.       1.020      0.073
11.         30.       0.902      0.078
11.         40.       0.951      0.068
11.         50.       0.994      0.083
11.         60.       0.461      0.032
11.         70.       0.550      0.049
11.         80.       0.223      0.040
11.         90.       0.283      0.039
11.        100.       0.206      0.030
11.        110.       0.202      0.021
11.        120.       0.235      0.024
11.        130.       0.081      0.011
11.        140.       0.103      0.016
11.        150.       0.171      0.027
11.        160.       0.207      0.034
11.        170.                               0.073      0.008
11.        177.5                              0.072      0.008
13.          2.5                              1.014      0.112
13.         10.                               0.995      0.109
13.         20.       1.087      0.064
13.         30.       1.020      0.060
13.         40.       0.673      0.046
13.         50.       0.570      0.052
13.         60.       0.530      0.033
13.         70.       0.391      0.036
13.         80.       0.293      0.036
13.         90.       0.208      0.028
13.        100.       0.166      0.023
13.        110.       0.130      0.016
13.        120.       0.184      0.019
13.        130.       0.100      0.012
13.        140.       0.115      0.013
13.        150.       0.144      0.020
13.        160.       0.185      0.017
13.        170.                               0.074      0.008
13.        177.5                              0.072      0.008
15.          2.5                              1.047      0.115
15.         10.                               1.021      0.112
15.         20.       1.036      0.063
15.         30.       1.137      0.063
15.         40.       0.652      0.043
15.         50.       0.393      0.039
15.         60.       0.450      0.023
15.         70.       0.252      0.026
15.         80.       0.302      0.034
15.         90.       0.151      0.022
15.        100.       0.114      0.018
15.        110.       0.080      0.010
15.        120.       0.095      0.011
15.        130.       0.051      0.007
15.        140.       0.086      0.011
15.        150.       0.043      0.011
15.        160.       0.168      0.016
15.        170.                               0.032      0.003
15.        177.5                              0.031      0.003
17.          2.5                              1.265      0.139
17.         10.                               1.223      0.135
17.         20.       1.063      0.062
17.         30.       1.176      0.065
17.         40.       0.663      0.039
17.         50.       0.459      0.034
17.         60.       0.470      0.023
17.         70.       0.217      0.021
17.         80.       0.252      0.024
17.         90.       0.101      0.017
17.        100.       0.064      0.010
17.        110.       0.065      0.009
17.        120.       0.049      0.008
17.        130.       0.025      0.005
17.        140.       0.042      0.007
17.        150.       0.005      0.004
17.        160.       0.086      0.011
17.        170.                               0.012      0.001
17.        177.5                              0.012      0.001
19.          2.5                              1.356      0.149
19.         10.                               1.301      0.143
19.         20.       1.037      0.062
19.         30.       1.190      0.065
19.         40.       0.741      0.041
19.         50.       0.391      0.030
19.         60.       0.339      0.020
19.         70.       0.164      0.016
19.         80.       0.217      0.022
19.         90.       0.092      0.012
19.        100.       0.047      0.009
19.        110.       0.022      0.005
19.        120.       0.021      0.005
19.        130.       0.010      0.003
19.        140.       0.012      0.004
21.          2.5                              1.348      0.148
21.         10.                               1.276      0.140
21.         20.       0.899      0.058
21.         30.       1.101      0.062
21.         40.       0.659      0.039
21.         50.       0.290      0.026
21.         60.       0.172      0.014
21.         70.       0.092      0.012
21.         80.       0.124      0.016
21.         90.       0.062      0.010
21.        100.       0.027      0.007
21.        110.       0.003      0.002
21.        120.       0.005      0.002
21.        130.       0.004      0.004
23.          2.5                              1.132      0.124
23.         10.                               1.057      0.116
23.         20.       0.720      0.052
23.         30.       0.758      0.052
23.         40.       0.466      0.034
23.         50.       0.189      0.021
23.         60.       0.082      0.010
23.         70.       0.037      0.008
23.         80.       0.037      0.009
23.         90.       0.025      0.008
25.          2.5                              0.672      0.074
25.         10.                               0.606      0.067
25.         20.       0.392      0.038
25.         30.       0.297      0.032
25.         40.       0.158      0.023
25.         50.       0.049      0.011
25.         60.       0.012      0.004
27.          2.5                              0.211      0.023
27.         10.                               0.180      0.020
27.         20.       0.114      0.026
