        13.        2.5                            1.698      0.245
        13.        10.                            1.555      0.224
        13.        20.      1.135      0.170
        13.        30.      0.812      0.151
        13.        40.      0.021      0.021
        13.        50.      0.024      0.024
        13.        60.      0.073      0.042
        13.        70.      0.025      0.025
        13.        80.                            0.010      0.009
        13.        90.                            0.004      0.003
        13.       100.                            0.001      0.001
        13.       110.      0.034      0.020
        13.       120.                            0.001      0.001
        13.       130.                            0.001      0.001
        13.       140.      0.008      0.008
        15.        2.5                            1.173      0.171
        15.        10.                            1.114      0.163
        15.        20.      0.975      0.138
        15.        30.      0.740      0.131
        15.        40.      0.108      0.044
        15.        50.      0.065      0.037
        15.        60.      0.142      0.054
        15.        70.      0.128      0.052
        15.        80.                            0.060      0.036
        15.        90.                            0.032      0.024
        15.       100.                            0.017      0.015
        15.       110.      0.018      0.012
        15.       120.                            0.005      0.005
        15.       130.                            0.003      0.003
        15.       140.      0.015      0.011
        17.        2.5                            0.940      0.149
        17.        10.                            0.883      0.140
        17.        20.      0.815      0.115
        17.        30.      0.605      0.110
        17.        40.      0.241      0.062
        17.        50.      0.150      0.053
        17.        60.      0.160      0.053
        17.        70.      0.102      0.042
        17.        80.                            0.026      0.022
        17.        90.                            0.012      0.011
        17.       100.                            0.006      0.005
        17.       110.      0.040      0.018
        17.       120.                            0.001      0.001
        17.       130.                            0.001      0.001
        17.       140.      0.013      0.009
        19.        2.5                            0.797      0.132
        19.        10.                            0.748      0.124
        19.        20.      0.692      0.101
        19.        30.      0.523      0.098
        19.        40.      0.189      0.051
        19.        50.      0.130      0.043
        19.        60.      0.114      0.043
        19.        70.      0.173      0.052
        19.        80.                            0.019      0.019
        19.        90.                            0.009      0.009
        19.       100.                            0.004      0.004
        19.       110.      0.044      0.018
        19.       120.                            0.001      0.001
        19.       130.                            0.001      0.001
        19.       140.      0.018      0.011
        21.        2.5                            0.656      0.104
        21.        10.                            0.629      0.099
        21.        20.      0.529      0.087
        21.        30.      0.590      0.078
        21.        40.      0.362      0.057
        21.        50.      0.123      0.036
        21.        60.      0.150      0.038
        21.        70.      0.121      0.043
        21.        80.                            0.053      0.033
        21.        90.                            0.031      0.023
        21.       100.                            0.019      0.016
        21.       110.      0.028      0.014
        21.       120.                            0.007      0.007
        21.       130.                            0.005      0.005
        21.       140.      0.018      0.008
        23.        2.5                            0.274      0.093
        23.        10.                            0.278      0.089
        23.        20.      0.330      0.077
        23.        30.      0.320      0.071
        23.        40.      0.212      0.050
        23.        50.      0.102      0.036
        23.        60.      0.113      0.034
        23.        70.      0.070      0.037
        23.        80.                            0.044      0.028
        23.        90.                            0.026      0.019
        23.       100.                            0.015      0.013
        23.       110.      0.025      0.013
        23.       120.                            0.005      0.005
        23.       130.                            0.003      0.003
        23.       140.      0.011      0.006