         5.        2.5                            0.158      0.158
         5.        10.                            0.155      0.155
         5.        20.      0.460      0.188
         5.        30.      0.075      0.076
         5.        40.      0.121      0.078
         5.        50.      0.075      0.076
         5.        60.      0.205      0.122
         5.        70.      0.075      0.074
         5.        80.                            0.062      0.061
         5.        90.                            0.051      0.050
         5.       100.                            0.042      0.041
         5.       110.      0.033      0.034
         5.       120.                            0.029      0.028
         5.       130.                            0.024      0.024
         5.       140.      0.021      0.021
         5.       150.                            0.019      0.019
         5.       160.      0.017      0.017
         5.       170.                            0.017      0.016
         5.      177.5                            0.016      0.016
         7.        2.5                            7.452      0.963
         7.        10.                            7.376      0.954
         7.        20.      8.226      0.868
         7.        30.      5.743      0.677
         7.        40.      6.116      0.695
         7.        50.      6.217      0.731
         7.        60.      5.666      0.656
         7.        70.      5.125      0.620
         7.        80.                            4.103      0.577
         7.        90.                            3.619      0.534
         7.       100.                            3.192      0.492
         7.       110.      2.290      0.280
         7.       120.                            2.521      0.351
         7.       130.                            2.274      0.267
         7.       140.      2.083      0.198
         7.       150.                            1.935      0.285
         7.       160.      2.264      0.282
         7.       170.                            1.776      0.353
         7.      177.5                            1.758      0.350
         9.        2.5                            5.405      0.471
         9.        10.                            5.367      0.468
         9.        20.      5.304      0.458
         9.        30.      5.523      0.488
         9.        40.      5.010      0.432
         9.        50.      4.341      0.417
         9.        60.      3.543      0.355
         9.        70.      4.342      0.414
         9.        80.                            3.574      0.359
         9.        90.                            3.276      0.309
         9.       100.                            3.003      0.264
         9.       110.      2.575      0.226
         9.       120.                            2.550      0.202
         9.       130.                            2.374      0.182
         9.       140.      2.426      0.162
         9.       150.                            2.123      0.177
         9.       160.      1.932      0.190
         9.       170.                            2.000      0.186
         9.      177.5                            1.986      0.184
        11.        2.5                            3.194      0.278
        11.        10.                            3.162      0.276
        11.        20.      3.204      0.267
        11.        30.      3.098      0.279
        11.        40.      2.824      0.244
        11.        50.      2.803      0.259
        11.        60.      1.749      0.196
        11.        70.      2.266      0.232
        11.        80.                            1.803      0.240
        11.        90.                            1.599      0.243
        11.       100.                            1.418      0.242
        11.       110.      0.981      0.103
        11.       120.                            1.131      0.173
        11.       130.                            1.024      0.121
        11.       140.      0.999      0.077
        11.       150.                            0.878      0.137
        11.       160.      1.060      0.108
        11.       170.                            0.808      0.186
        11.      177.5                            0.800      0.185
        13.        2.5                            2.108      0.619
        13.        10.                            2.084      0.611
        13.        20.      2.700      0.212
        13.        30.      2.477      0.220
        13.        40.      1.684      0.162
        13.        50.      1.101      0.139
        13.        60.      1.119      0.137
        13.        70.      1.222      0.145
        13.        80.                            1.060      0.126
        13.        90.                            0.917      0.110
        13.       100.                            0.793      0.096
        13.       110.      0.591      0.069
        13.       120.                            0.604      0.088
        13.       130.                            0.537      0.091
        13.       140.      0.595      0.051
        13.       150.                            0.446      0.075
        13.       160.      0.426      0.059
        13.       170.                            0.404      0.057
        13.      177.5                            0.399      0.056
        15.        2.5                            1.599      0.192
        15.        10.                            1.578      0.189
        15.        20.      1.724      0.157
        15.        30.      1.597      0.144
        15.        40.      1.389      0.128
        15.        50.      1.052      0.117
        15.        60.      0.816      0.095
        15.        70.      0.713      0.103
        15.        80.                            0.725      0.109
        15.        90.                            0.614      0.100
        15.       100.                            0.520      0.090
        15.       110.      0.346      0.049
        15.       120.                            0.380      0.061
        15.       130.                            0.332      0.044
        15.       140.      0.332      0.032
        15.       150.                            0.268      0.060
        15.       160.      0.349      0.050
        15.       170.                            0.239      0.081
        15.      177.5                            0.236      0.080
        17.        2.5                            1.577      0.122
        17.        10.                            1.554      0.120
        17.        20.      1.394      0.115
        17.        30.      1.482      0.128
        17.        40.      1.454      0.117
        17.        50.      1.122      0.111
        17.        60.      0.858      0.092
        17.        70.      0.719      0.086
        17.        80.                            0.665      0.089
        17.        90.                            0.555      0.089
        17.       100.                            0.463      0.086
        17.       110.      0.291      0.037
        17.       120.                            0.329      0.058
        17.       130.                            0.283      0.040
        17.       140.      0.280      0.026
        17.       150.                            0.224      0.041
        17.       160.      0.271      0.036
        17.       170.                            0.198      0.051
        17.      177.5                            0.195      0.050
        19.        2.5                            1.563      0.131
        19.        10.                            1.537      0.129
        19.        20.      1.583      0.122
        19.        30.      1.252      0.117
        19.        40.      1.379      0.114
        19.        50.      1.002      0.104
        19.        60.      0.818      0.090
        19.        70.      0.575      0.077
        19.        80.                            0.580      0.099
        19.        90.                            0.471      0.085
        19.       100.                            0.382      0.073
        19.       110.      0.239      0.034
        19.       120.                            0.258      0.046
        19.       130.                            0.217      0.033
        19.       140.      0.216      0.025
        19.       150.                            0.166      0.048
        19.       160.      0.231      0.034
        19.       170.                            0.144      0.064
        19.      177.5                            0.142      0.063
        21.        2.5                            1.674      0.130
        21.        10.                            1.643      0.127
        21.        20.      1.526      0.120
        21.        30.      1.526      0.130
        21.        40.      1.323      0.111
        21.        50.      1.056      0.107
        21.        60.      0.738      0.086
        21.        70.      0.606      0.079
        21.        80.                            0.559      0.067
        21.        90.                            0.444      0.055
        21.       100.                            0.352      0.046
        21.       110.      0.306      0.038
        21.       120.                            0.228      0.031
        21.       130.                            0.189      0.025
        21.       140.      0.152      0.021
        21.       150.                            0.140      0.025
        21.       160.      0.158      0.028
        21.       170.                            0.120      0.026
        21.      177.5                            0.118      0.026
        23.        2.5                            1.525      0.128
        23.        10.                            1.495      0.125
        23.        20.      1.460      0.117
        23.        30.      1.098      0.110
        23.        40.      1.257      0.109
        23.        50.      0.860      0.097
        23.        60.      0.678      0.082
        23.        70.      0.790      0.090
        23.        80.                            0.468      0.114
        23.        90.                            0.365      0.077
        23.       100.                            0.284      0.050
        23.       110.      0.186      0.030
        23.       120.                            0.178      0.025
        23.       130.                            0.145      0.021
        23.       140.      0.121      0.018
        23.       150.                            0.106      0.021
        23.       160.      0.118      0.024
        23.       170.                            0.089      0.023
        23.      177.5                            0.087      0.022
        25.        2.5                            1.479      0.120
        25.        10.                            1.446      0.117
        25.        20.      1.253      0.109
        25.        30.      1.285      0.119
        25.        40.      1.116      0.102
        25.        50.      0.893      0.099
        25.        60.      0.568      0.075
        25.        70.      0.472      0.070
        25.        80.                            0.386      0.056
        25.        90.                            0.291      0.044
        25.       100.                            0.220      0.035
        25.       110.      0.158      0.027
        25.       120.                            0.129      0.022
        25.       130.                            0.102      0.017
        25.       140.      0.085      0.015
        25.       150.                            0.071      0.017
        25.       160.      0.079      0.020
        25.       170.                            0.059      0.018
        25.      177.5                            0.057      0.018
        27.        2.5                            1.171      0.135
        27.        10.                            1.139      0.131
        27.        20.      0.904      0.092
        27.        30.      1.252      0.117
        27.        40.      0.779      0.086
        27.        50.      0.599      0.081
        27.        60.      0.439      0.066
        27.        70.      0.267      0.052
        27.        80.                            0.245      0.046
        27.        90.                            0.176      0.035
        27.       100.                            0.127      0.027
        27.       110.      0.086      0.020
        27.       120.                            0.068      0.016
        27.       130.                            0.052      0.013
        27.       140.      0.054      0.011
        27.       150.                            0.034      0.011
        27.       160.      0.025      0.011
        27.       170.                            0.027      0.010
        27.      177.5                            0.027      0.010
        29.        2.5                            0.952      0.129
        29.        10.                            0.924      0.126
        29.        20.      0.707      0.082
        29.        30.      0.747      0.091
        29.        40.      0.750      0.084
        29.        50.      0.425      0.068
        29.        60.      0.389      0.062
        29.        70.      0.267      0.052
        29.        80.                            0.171      0.040
        29.        90.                            0.119      0.030
        29.       100.                            0.083      0.022
        29.       110.      0.057      0.017
        29.       120.                            0.042      0.012
        29.       130.                            0.031      0.009
        29.       140.      0.024      0.007
        29.       150.                            0.020      0.007
        29.       160.      0.010      0.007
        29.       170.                            0.015      0.006
        29.      177.5                            0.015      0.006
        31.        2.5                            0.629      0.100
        31.        10.                            0.607      0.096
        31.        20.      0.443      0.065
        31.        30.      0.461      0.071
        31.        40.      0.488      0.068
        31.        50.      0.348      0.062
        31.        60.      0.200      0.045
        31.        70.      0.113      0.034
        31.        80.                            0.085      0.025
        31.        90.                            0.056      0.017
        31.       100.                            0.037      0.012
        31.       110.      0.014      0.008
        31.       120.                            0.017      0.009
        31.       130.                            0.012      0.008
        31.       140.      0.015      0.007
        31.       150.                            0.007      0.006
        31.       160.      0.006      0.005
        31.       170.                            0.005      0.004
        31.      177.5                            0.005      0.004
        33.        2.5                            0.278      0.052
        33.        10.                            0.264      0.050
        33.        20.      0.188      0.042
        33.        30.      0.220      0.049
        33.        40.      0.141      0.036
        33.        50.      0.076      0.029
        33.        60.      0.100      0.033
        33.        70.      0.010      0.010
        33.        80.                            0.014      0.009
        33.        90.                            0.008      0.006
        33.       100.                            0.004      0.004
        33.       110.      0.010      0.007
        33.       120.                            0.001      0.001
        33.       130.                            0.001      0.001
        33.       140.      0.001      0.001
        33.       150.                            0.001      0.001
        33.       160.      0.005      0.005
        33.       170.                            0.001      0.001
        33.      177.5                            0.001      0.001
        35.        2.5                            0.114      0.036
        35.        10.                            0.094      0.030
        35.        20.      0.055      0.025
        35.        30.      0.075      0.026