         5.        2.5                            0.141      0.141
         5.        10.                            0.140      0.140
         5.        20.      0.560      0.216
         5.        30.      0.080      0.081
         5.        40.      0.138      0.100
         5.        50.      0.080      0.081
         5.        60.      0.096      0.072
         5.        70.      0.085      0.063
         5.        80.                            0.075      0.055
         5.        90.                            0.065      0.048
         5.       100.                            0.057      0.041
         5.       110.      0.035      0.036
         5.       120.                            0.044      0.034
         5.       130.                            0.040      0.033
         5.       140.      0.036      0.032
         5.       150.                            0.034      0.032
         5.       160.      0.073      0.053
         5.       170.                            0.031      0.031
         5.      177.5                            0.030      0.030
         7.        2.5                            7.398      0.833
         7.        10.                            7.327      0.825
         7.        20.      7.259      0.800
         7.        30.      5.692      0.685
         7.        40.      6.451      0.737
         7.        50.      6.311      0.753
         7.        60.      5.615      0.664
         7.        70.      5.600      0.674
         7.        80.                            4.209      0.615
         7.        90.                            3.738      0.501
         7.       100.                            3.319      0.405
         7.       110.      2.766      0.326
         7.       120.                            2.656      0.269
         7.       130.                            2.409      0.222
         7.       140.      2.099      0.184
         7.       150.                            2.068      0.234
         7.       160.      2.217      0.281
         7.       170.                            1.907      0.273
         7.      177.5                            1.888      0.270
         9.        2.5                            6.178      0.498
         9.        10.                            6.130      0.494
         9.        20.      5.631      0.482
         9.        30.      5.334      0.485
         9.        40.      5.775      0.483
         9.        50.      5.287      0.479
         9.        60.      4.755      0.437
         9.        70.      5.400      0.485
         9.        80.                            3.945      0.792
         9.        90.                            3.589      0.682
         9.       100.                            3.266      0.585
         9.       110.      2.390      0.220
         9.       120.                            2.735      0.438
         9.       130.                            2.531      0.386
         9.       140.      2.770      0.130
         9.       150.                            2.242      0.382
         9.       160.      1.656      0.177
         9.       170.                            2.102      0.412
         9.      177.5                            2.085      0.409
        11.        2.5                            2.827      0.574
        11.        10.                            2.806      0.569
        11.        20.      3.393      0.284
        11.        30.      2.894      0.276
        11.        40.      2.413      0.231
        11.        50.      2.239      0.234
        11.        60.      1.802      0.205
        11.        70.      1.787      0.211
        11.        80.                            1.820      0.189
        11.        90.                            1.659      0.168
        11.       100.                            1.512      0.150
        11.       110.      1.224      0.120
        11.       120.                            1.270      0.183
        11.       130.                            1.177      0.225
        11.       140.      1.411      0.143
        11.       150.                            1.045      0.182
        11.       160.      1.044      0.111
        11.       170.                            0.981      0.108
        11.      177.5                            0.973      0.107
        13.        2.5                            2.352      0.231
        13.        10.                            2.319      0.228
        13.        20.      2.472      0.207
        13.        30.      2.390      0.221
        13.        40.      1.817      0.174
        13.        50.      1.475      0.167
        13.        60.      1.373      0.158
        13.        70.      0.940      0.130
        13.        80.                            1.023      0.176
        13.        90.                            0.859      0.132
        13.       100.                            0.721      0.097
        13.       110.      0.588      0.070
        13.       120.                            0.519      0.132
        13.       130.                            0.449      0.176
        13.       140.      0.643      0.186
        13.       150.                            0.358      0.130
        13.       160.      0.409      0.059
        13.       170.                            0.318      0.062
        13.      177.5                            0.313      0.061
        15.        2.5                            1.753      0.331
        15.        10.                            1.731      0.327
        15.        20.      2.034      0.176
        15.        30.      1.657      0.155
        15.        40.      1.398      0.133
        15.        50.      1.141      0.128
        15.        60.      0.975      0.108
        15.        70.      0.987      0.125
        15.        80.                            0.847      0.105
        15.        90.                            0.727      0.087
        15.       100.                            0.624      0.072
        15.       110.      0.468      0.059
        15.       120.                            0.468      0.111
        15.       130.                            0.413      0.151
        15.       140.      0.526      0.182
        15.       150.                            0.339      0.135
        15.       160.      0.431      0.058
        15.       170.                            0.305      0.093
        15.      177.5                            0.302      0.092
        17.        2.5                            1.664      0.134
        17.        10.                            1.635      0.132
        17.        20.      1.544      0.124
        17.        30.      1.379      0.127
        17.        40.      1.378      0.117
        17.        50.      1.124      0.114
        17.        60.      0.881      0.097
        17.        70.      0.666      0.085
        17.        80.                            0.602      0.076
        17.        90.                            0.487      0.067
        17.       100.                            0.393      0.058
        17.       110.      0.259      0.036
        17.       120.                            0.263      0.116
        17.       130.                            0.221      0.159
        17.       140.      0.383      0.193
        17.       150.                            0.168      0.122
        17.       160.      0.236      0.035
        17.       170.                            0.145      0.067
        17.      177.5                            0.142      0.065
        19.        2.5                            1.706      0.139
        19.        10.                            1.676      0.137
        19.        20.      1.674      0.130
        19.        30.      1.531      0.134
        19.        40.      1.338      0.116
        19.        50.      0.997      0.107
        19.        60.      0.839      0.094
        19.        70.      0.710      0.088
        19.        80.                            0.617      0.072
        19.        90.                            0.498      0.059
        19.       100.                            0.402      0.048
        19.       110.      0.300      0.039
        19.       120.                            0.269      0.111
        19.       130.                            0.225      0.159
        19.       140.      0.341      0.205
        19.       150.                            0.171      0.110
        19.       160.      0.210      0.033
        19.       170.                            0.148      0.043
        19.      177.5                            0.145      0.042
        21.        2.5                            1.611      0.134
        21.        10.                            1.584      0.131
        21.        20.      1.544      0.124
        21.        30.      1.741      0.143
        21.        40.      1.128      0.106
        21.        50.      0.939      0.104
        21.        60.      0.870      0.096
        21.        70.      0.645      0.084
        21.        80.                            0.603      0.070
        21.        90.                            0.491      0.058
        21.       100.                            0.399      0.048
        21.       110.      0.305      0.039
        21.       120.                            0.271      0.112
        21.       130.                            0.228      0.162
        21.       140.      0.216      0.283
        21.       150.                            0.175      0.115
        21.       160.      0.220      0.034
        21.       170.                            0.152      0.048
        21.      177.5                            0.150      0.047
        23.        2.5                            1.851      0.150
        23.        10.                            1.806      0.146
        23.        20.      1.815      0.135
        23.        30.      1.613      0.137
        23.        40.      1.058      0.103
        23.        50.      1.020      0.109
        23.        60.      0.764      0.090
        23.        70.      0.492      0.073
        23.        80.                            0.438      0.065
        23.        90.                            0.324      0.050
        23.       100.                            0.239      0.039
        23.       110.      0.183      0.030
        23.       120.                            0.135      0.061
        23.       130.                            0.105      0.076
        23.       140.      0.121      0.355
        23.       150.                            0.071      0.051
        23.       160.      0.094      0.022
        23.       170.                            0.058      0.025
        23.      177.5                            0.057      0.024
        25.        2.5                            1.652      0.137
        25.        10.                            1.611      0.134
        25.        20.      1.514      0.123
        25.        30.      1.227      0.120
        25.        40.      1.278      0.113
        25.        50.      0.730      0.092
        25.        60.      0.669      0.084
        25.        70.      0.634      0.083
        25.        80.                            0.381      0.075
        25.        90.                            0.280      0.055
        25.       100.                            0.205      0.041
        25.       110.      0.117      0.024
        25.       120.                            0.115      0.053
        25.       130.                            0.089      0.065
        25.       140.      0.127      0.333
        25.       150.                            0.060      0.053
        25.       160.      0.100      0.023
        25.       170.                            0.049      0.037
        25.      177.5                            0.047      0.036
        27.        2.5                            1.517      0.133
        27.        10.                            1.478      0.129
        27.        20.      1.414      0.119
        27.        30.      1.192      0.118
        27.        40.      1.008      0.100
        27.        50.      0.742      0.093
        27.        60.      0.541      0.076
        27.        70.      0.492      0.073
        27.        80.                            0.331      0.056
        27.        90.                            0.241      0.042
        27.       100.                            0.175      0.031
        27.       110.      0.112      0.024
        27.       120.                            0.096      0.044
        27.       130.                            0.074      0.054
        27.       140.      0.071      0.447
        27.       150.                            0.049      0.039
        27.       160.      0.073      0.020
        27.       170.                            0.039      0.024
        27.      177.5                            0.038      0.024
        29.        2.5                            1.263      0.118
        29.        10.                            1.224      0.114
        29.        20.      1.073      0.104
        29.        30.      1.040      0.110
        29.        40.      0.998      0.100
        29.        50.      0.452      0.072
        29.        60.      0.329      0.059
        29.        70.      0.350      0.062
        29.        80.                            0.213      0.047
        29.        90.                            0.146      0.035
        29.       100.                            0.101      0.026
        29.       110.      0.076      0.020
        29.       120.                            0.050      0.026
        29.       130.                            0.037      0.028
        29.       140.      0.072      0.478
        29.       150.                            0.023      0.019
        29.       160.      0.031      0.013
        29.       170.                            0.018      0.012
        29.      177.5                            0.017      0.011
        31.        2.5                            0.967      0.106
        31.        10.                            0.935      0.103
        31.        20.      0.852      0.092
        31.        30.      1.017      0.109
        31.        40.      0.469      0.068
        31.        50.      0.383      0.067
        31.        60.      0.212      0.048
        31.        70.      0.306      0.058
        31.        80.                            0.143      0.055
        31.        90.                            0.096      0.038
        31.       100.                            0.064      0.026
        31.       110.      0.061      0.018
        31.       120.                            0.030      0.018
        31.       130.                            0.022      0.017
        31.       140.      0.027      0.019
        31.       150.                            0.013      0.011
        31.       160.      0.011      0.007
        31.       170.                            0.010      0.007
        31.      177.5                            0.010      0.007
        33.        2.5                            0.684      0.082
        33.        10.                            0.664      0.080
        33.        20.      0.521      0.072
        33.        30.      0.619      0.085
        33.        40.      0.539      0.073
        33.        50.      0.278      0.057
        33.        60.      0.212      0.048
        33.        70.      0.142      0.039
        33.        80.                            0.116      0.032
        33.        90.                            0.080      0.025
        33.       100.                            0.055      0.020
        33.       110.      0.046      0.015
        33.       120.                            0.027      0.011
        33.       130.                            0.020      0.008
        33.       140.      0.015      0.006
        33.       150.                            0.013      0.005
        33.       160.      0.011      0.004
        33.       170.                            0.010      0.004
        33.      177.5                            0.009      0.004
        35.        2.5                            0.432      0.070
        35.        10.                            0.412      0.067
        35.        20.      0.331      0.058
        35.        30.      0.327      0.062
        35.        40.      0.260      0.051
        35.        50.      0.093      0.033
        35.        60.      0.053      0.024
        35.        70.      0.087      0.031
        35.        80.                            0.027      0.021
        35.        90.                            0.015      0.013
        35.       100.                            0.008      0.008
        35.       110.      0.005      0.005
        37.        2.5                            0.165      0.044
        37.        10.                            0.153      0.041
        37.        20.      0.090      0.032
        37.        30.      0.082      0.035
        37.        40.      0.090      0.032
        37.        50.      0.012      0.012
        37.        60.      0.011      0.011
        37.        70.      0.004      0.004
        37.        80.                            0.002      0.002
        37.        90.                            0.001      0.001