23 26 9 10 1 26 9 12 38
24 26 9 12 39 26 9 13 0
25 26 9 13 1 26 9 14 37
26 26 9 15 12 26 9 18 32
27 26 9 18 32 26 9 22 9
28 26 9 22 10 27 9 10 3
29 28 9 10 33 28 9 11 21
30 27 9 12 9 27 9 12 16
31 27 9 12 18 27 9 13 48
32 27 9 15 7 27 9 16 18
33 27 9 16 27 27 9 16 51
34 27 9 17 11 28 9 09 58
35 28 9 10 37 28 9 13 54
36 28 9 14 23 28 9 16 12
37 28 9 16 12 28 9 18 41
38 28 9 18 46 28 9 20 38
39 28 9 20 39 29 9 08 44
40 29 9 12 3 29 9 20 10
41 29 9 20 10 30 9 11 49
42 29 9 11 49 29 9 16 14
43 29 9 16 14 30 9 14 58
44 1 10 14 59 1 10 20 0
47 1 10 20 52 2 10 05 3
48 2 10 05 5 2 10 05 8
49 2 10 05 10 2 10 05 45
50 2 10 05 53 2 10 06 30
51 2 10 06 41 2 10 08 45
52 2 10 15 54 2 10 16 55
53 2 10 17 51 2 10 17 57
54 2 10 18 0 3 10 11 32
55 3 10 11 25 4 10 09 39
56 4 10 16 49 4 10 17 22
57 4 10 17 38 4 10 23 7
58 4 10 23 8 5 10 09 44
59 5 10 09 45 5 10 10 46
60 5 10 10 51 5 10 14 17
61 5 10 14 38 5 10 18 31
62 5 10 18 33 6 10 09 33
63 6 10 13 28 6 10 13 50
300 6 10 13 52 6 10 16 21
301 6 10 17 12 6 10 19 19
302 6 10 19 22 6 10 20 10
303 6 10 20 11 7 10 00 35
304 7 10 00 36 7 10 04 30
305 7 10 04 31 7 10 07 56
306 7 10 09 5 7 10 10 30
307 7 10 10 30 7 10 11 0
308 7 10 11 7 7 10 17 15
309 7 10 17 36 7 10 18 12
310 7 10 19 31 7 10 23 37
311 8 10 00 43 8 10 05 47
312 8 10 08 36 8 10 17 16
313 8 10 17 17 8 10 19 41
314 8 10 19 52 9 10 00 48
315 9 10 00 50 9 10 03 30
316 9 10 03 30 9 10 05 20
317 9 10 20 49 9 10 20 53
319 10 10 13 18 10 10 13 49
320 10 10 15 16 10 10 17 33
321 10 10 18 23 10 10 18 31
322 10 10 18 32 10 10 22 34
323 10 10 22 48 11 10 01 30
324 11 10 01 31 11 10 04 1
325 11 10 04 1 11 10 07 0
326 11 10 07 3 11 10 13 9
327 11 10 13 15 11 10 14 10
328 11 10 14 18 11 10 14 27
333 11 10 16 26 11 10 20 33
334 11 10 20 34 12 10 01 55
335 11 10 01 56 11 10 05 19
336 11 10 05 20 11 10 07 57
337 11 10 07 58 11 10 10 55
338 12 10 10 58 12 10 11 55
339 12 10 11 59 12 10 15 22
340 12 10 15 53 12 10 19 57
341 12 10 19 58 12 10 23 56
342 13 10 00 13 13 10 02 32
343 13 10 03 2 13 10 07 26
344 13 10 07 27 13 10 09 59
345 13 10 10 1 13 10 10 8
346 13 10 10 10 13 10 10 30
347 13 10 10 36 13 10 11 13
348 13 10 11 15 13 10 15 20
349 13 10 15 21 13 10 16 52
350 13 10 18 18 13 10 22 31
351 13 10 22 31 14 10 00 0
352 14 10 00 0 14 10 03 0
353 14 10 03 1 14 10 06 0
354 14 10 06 1 14 10 09 3
355 14 10 09 26 14 10 10 57
356 14 10 11 15 14 10 12 36
357 14 10 13 38 14 10 18 6
358 14 10 18 7 14 10 21 59
359 14 10 22 22 14 10 22 36
360 14 10 22 38 14 10 22 48
361 14 10 23 2 15 10 01 48
362 15 10 02 18 15 10 05 15
363 15 10 07 47 15 10 11 17
364 15 10 11 18 15 10 11 38
365 15 10 11 39 15 10 11 45
366 15 10 12 2 15 10 12 3
367 15 10 12 28 15 10 15 30
368 15 10 15 36 15 10 16 29
369 17 10 09 13 17 10 14 43
370 17 10 15 8 17 10 17 39
371 17 10 18 33 17 10 18 52
372 17 10 19 12 17 10 19 33
373 17 10 19 34 17 10 20 58
374 17 10 23 16 18 10 02 0
375 18 10 02 1 18 10 05 0
376 18 10 05 1 18 10 08 9
377 18 10 08 11 18 10 09 41
378 18 10 09 55 18 10 10 10
379 18 10 10 24 18 10 11 59
380 18 10 12 26 18 10 13 32
381 18 10 13 33 18 10 13 34
382 18 10 13 37 18 10 14 43
383 18 10 15 32 18 10 19 32
384 18 10 19 33 18 10 23 34
385 18 10 23 52 19 10 02 0
386 19 10 02 1 19 10 05 0
387 19 10 05 11 19 10 08 9
388 19 10 08 31 19 10 10 40
389 19 10 11 2 19 10 15 21
390 19 10 15 22 19 10 18 57
391 19 10 20 0 19 10 23 0
392 19 10 23 0 20 10 02 0
393 20 10 02 0 20 10 05 0
394 20 10 05 0 20 10 08 0
395 20 10 08 0 20 10 08 3
396 20 10 08 28 20 10 08 43
397 20 10 08 46 20 10 10 40
398 20 10 10 44 20 10 14 3
399 20 10 14 4 20 10 15 32
400 20 10 16 2 20 10 19 12
401 20 10 19 13 20 10 22 7
402 20 10 22 8 21 10 01 3
403 21 10 01 4 21 10 04 0
404 21 10 04 1 21 10 07 10
405 21 10 07 10 21 10 08 2
406 21 10 08 20 21 10 10 23
407 21 10 11 5 21 10 14 35
408 21 10 14 59 21 10 18 42
409 21 10 18 42 21 10 19 58
410 21 10 20 13 21 10 23 4
411 21 10 23 4 22 10 02 1
412 22 10 02 2 22 10 04 58
413 22 10 04 59 22 10 08 20
414 22 10 08 51 22 10 13 9
415 22 10 13 10 22 10 13 16
416 22 10 13 19 22 10 13 22
417 22 10 14 28 22 10 18 0